Angle	Impulses
a/º	Z/#/0,2s

8,0	50,0
8,1	49,0
8,4	24,5
8,8	18,0
8,9	14,0
9,2	8,8
9,7	8,5
10,1	8,5
10,5	7,8
10,8	4,0
10,9	5,0
11,2	2,0
11,3	2,5
11,6	5,0
11,7	4,0
12,0	7,0
12,2	2,0
12,4	2,0
12,5	3,0
12,8	5,0
12,9	1,0
13,0	5,0
13,2	1,0
13,3	3,0
13,6	6,0
13,8	3,0
14,0	1,0
14,1	1,5
14,4	6,0
14,6	2,5
14,8	2,0
14,9	3,0
15,2	2,0
15,4	2,0
15,6	5,0
15,7	4,5
16,0	3,0
16,2	2,5
16,4	1,0
16,5	1,0
16,7	4,0
17,0	2,0
17,2	1,0
17,3	1,0
17,5	4,0
17,8	1,5
17,9	3,0
18,1	3,0
18,3	2,0
18,6	3,5
18,8	2,0
18,9	3,5
19,2	6,0
19,4	2,5
19,6	4,0
19,7	2,0
20,0	4,0
20,2	4,0
20,4	1,0
20,5	3,0
20,8	3,0
21,0	3,0
21,2	7,0
21,3	9,0
21,5	9,0
21,8	13,5
22,0	15,0
22,1	16,5
22,3	19,0
22,7	20,5
22,8	27,0
22,9	32,5
23,0	23,0
23,4	28,0
23,5	48,0
23,6	31,0
23,7	37,5
23,9	30,0
24,3	41,0
24,4	42,0
24,5	40,0
24,6	37,0
24,7	51,0
25,1	53,5
25,2	44,0
25,3	60,0
25,4	72,0
25,5	54,0
25,9	56,5
26,0	53,0
26,1	61,0
26,4	64,0
26,7	58,5
26,9	52,0
27,0	65,0
27,3	53,0
27,5	67,5
27,7	51,0
27,8	60,0
28,1	71,0
28,3	66,5
28,5	54,0
28,6	62,0
28,9	70,0
29,1	66,0
29,3	82,0
29,4	62,5
29,7	79,0
29,9	63,0
30,1	59,0
30,2	73,5
30,6	74,0
30,7	62,0
30,8	68,0
31,0	65,2
31,5	57,0
31,6	71,0
31,8	64,2
32,3	70,0
32,4	67,0
32,6	55,5
33,2	68,0
33,4	68,0
34,0	65,2
34,2	56,8
34,8	66,5
35,0	61,8
35,6	58,2
35,9	63,0
36,4	61,2
36,6	64,0
36,7	61,5
37,2	63,2
37,4	56,2
38,0	53,0
38,2	55,5
38,3	53,0
38,8	70,0
38,9	79,0
39,0	136,0
39,1	152,0
39,6	193,5
39,7	222,0
39,8	263,0
39,9	235,0
40,4	209,5
40,5	205,0
40,6	103,0
40,7	94,0
41,2	63,0
41,3	60,0
41,4	49,0
41,5	48,0
42,1	50,2
42,2	43,0
42,3	47,0
42,9	49,8
43,0	91,0
43,1	78,5
43,6	237,0
43,7	232,5
43,8	477,0
43,9	454,5
44,4	641,0
44,5	671,5
44,7	696,5
45,1	411,0
45,3	363,5
45,4	210,0
45,5	106,0
45,9	69,0
46,1	42,5
46,3	40,8
46,6	36,0
46,9	33,5
47,0	23,0
47,1	27,0
47,3	24,0
47,7	31,0
47,8	24,0
47,9	29,5
48,3	31,0
48,5	26,0
48,7	23,2
49,2	27,0
49,3	26,0
49,4	18,0
49,5	29,5
49,9	20,0
50,1	26,0
50,3	23,5
50,8	23,0
50,9	25,0
51,1	25,5
51,6	23,0
51,7	15,5
51,9	22,8
52,4	10,0
52,5	17,5
52,7	19,0
53,2	13,0
53,4	16,5
53,5	16,5
54,0	15,0
54,1	13,5
54,3	18,0
55,0	13,2
55,1	18,0
55,7	12,5
55,8	8,0
55,9	15,5
56,6	11,8
56,7	12,2
57,4	11,2
57,5	10,5
58,2	10,8
58,3	7,8
59,0	9,5
59,1	10,0
59,8	9,2
59,9	10,8
60,5	12,0
60,6	10,5
60,7	10,8
61,4	9,2
61,5	6,5
62,2	6,2
62,3	8,0
63,0	9,0
63,1	13,0
63,2	6,2
63,8	6,5
63,9	7,0
64,0	7,0
64,7	5,0
64,8	8,5
65,0	7,0
65,5	5,0
65,6	9,0
65,8	10,0
66,3	7,2
66,4	12,0
66,9	7,0
67,1	7,8
67,2	7,0
67,8	5,0
67,9	5,0
68,0	4,5
68,6	4,0
68,7	8,5
68,8	8,2
69,5	5,8
69,6	7,0
70,3	5,5
70,4	4,5
70,5	6,0
71,2	4,0
71,9	4,0
72,0	5,4
72,8	6,0
73,6	4,8
73,7	4,0
74,4	4,6
74,5	2,0
75,2	7,0
75,3	4,5
76,0	2,0
76,1	6,2
76,8	4,2
76,9	5,0
77,6	4,6
77,7	5,0
78,4	4,2
78,5	5,0
79,2	7,4
79,4	9,0
80,0	7,4
80,1	4,0
80,2	8,0
80,8	5,5
80,9	5,0
81,6	4,2
81,7	5,0
82,4	2,5
82,5	4,5
83,3	5,8
84,1	6,8
84,4	3,0
84,9	4,6
85,0	3,0
85,2	3,0
85,7	4,1
85,8	6,0
85,9	7,0
86,5	16,5
86,6	14,5
87,3	29,9
87,4	27,0
87,7	31,0
