Angle	Impulses
a/º	Z/#/0,2s

8,0	34,2
8,4	28,0
8,5	17,5
8,8	13,8
9,2	9,0
9,3	8,0
9,6	6,2
10,0	10,0
10,1	7,5
10,3	4,0
10,4	4,5
10,9	1,5
11,2	3,0
11,7	3,5
12,0	2,5
12,5	3,8
12,8	2,5
13,3	2,8
13,6	2,8
14,1	2,0
14,4	2,2
14,9	2,0
15,2	1,8
15,7	1,2
16,0	1,8
16,5	1,5
16,8	1,5
17,3	1,2
17,6	1,5
18,1	1,5
18,4	1,8
18,9	1,0
19,0	2,0
19,2	1,0
19,7	1,5
19,8	1,0
20,0	1,2
20,5	3,0
20,6	2,5
20,8	1,8
21,3	2,0
21,4	2,5
21,6	1,2
22,1	2,0
22,2	2,0
22,4	2,0
23,0	2,2
23,2	2,8
23,8	5,2
24,0	9,0
24,6	14,5
24,8	19,5
25,4	23,8
25,6	32,0
26,1	34,0
26,2	32,0
26,4	34,2
26,9	38,0
27,0	45,5
27,2	42,5
27,8	46,5
28,0	44,5
28,1	41,0
28,6	47,2
28,8	50,2
29,3	45,0
29,4	51,0
29,6	56,5
30,1	53,0
30,2	56,5
30,4	43,0
30,5	57,0
30,9	51,0
31,0	65,0
31,1	59,0
31,2	48,0
31,3	46,0
31,6	61,0
31,8	46,5
32,0	55,0
32,1	54,0
32,5	63,0
32,6	45,0
32,7	52,0
32,8	49,0
32,9	54,0
33,4	50,2
33,6	49,5
33,7	49,0
34,3	44,8
34,4	35,0
34,5	56,5
35,0	42,0
35,1	59,0
35,2	52,5
35,3	45,0
35,9	51,5
36,0	43,0
36,1	48,0
36,7	49,0
36,8	54,0
36,9	53,0
37,5	46,5
37,7	46,5
37,8	46,0
38,3	45,5
38,4	48,5
38,7	77,0
39,1	95,5
39,2	135,5
39,3	119,0
39,4	142,0
39,9	209,0
40,0	149,0
40,2	116,0
40,7	68,0
40,8	42,0
40,9	47,0
41,0	38,0
41,5	41,8
41,6	46,0
41,7	40,0
42,3	40,5
42,4	41,0
42,5	45,0
43,1	50,5
43,2	165,5
43,3	165,0
43,9	340,5
44,0	446,5
44,2	460,0
44,7	514,2
44,8	239,0
44,9	240,0
45,5	63,0
45,6	41,5
45,7	32,0
45,8	32,0
46,3	23,5
46,4	25,0
46,5	28,5
46,7	27,0
47,1	21,0
47,3	17,0
47,6	17,0
48,0	15,5
48,1	18,2
48,5	16,0
48,8	19,0
48,9	16,0
49,4	14,0
49,6	16,0
49,7	11,5
50,1	11,0
50,4	14,0
50,5	14,5
50,9	13,0
51,2	11,0
51,3	16,0
51,4	14,0
51,9	11,0
52,0	14,0
52,1	11,5
52,8	10,8
52,9	9,2
53,6	13,0
53,7	8,5
53,8	8,0
54,4	10,2
54,5	8,0
54,6	8,0
55,2	7,8
55,3	9,2
55,9	9,0
56,0	13,5
56,1	7,5
56,8	7,0
56,9	10,5
57,0	7,0
57,6	7,8
57,7	6,0
58,4	9,2
58,5	9,0
59,2	9,0
59,3	6,0
60,0	4,0
60,1	4,6
60,2	4,0
60,9	7,0
61,0	6,0
61,6	6,0
61,7	5,4
61,8	9,0
62,4	2,0
62,5	4,6
62,6	4,0
63,2	6,0
63,3	4,6
63,4	8,0
63,9	6,0
64,1	4,5
64,2	4,5
64,8	6,0
64,9	6,8
65,7	5,0
65,8	3,0
66,5	3,0
66,6	4,8
67,3	6,5
67,4	4,5
67,5	4,0
68,1	4,0
68,2	4,0
68,3	3,0
69,0	2,5
69,8	3,8
70,6	3,5
70,7	4,0
71,4	3,1
72,2	3,5
72,3	6,0
72,4	5,0
73,0	3,0
73,1	5,0
73,8	2,5
73,9	3,0
74,1	6,0
74,5	3,0
74,6	3,1
74,9	7,0
75,4	3,9
75,5	5,0
75,7	1,0
76,2	4,9
76,3	2,0
76,5	4,0
77,0	5,2
77,1	4,0
77,3	2,0
77,8	2,0
77,9	3,4
78,1	4,0
78,6	2,5
78,7	4,0
79,1	3,0
79,4	3,8
79,5	2,0
79,9	4,0
80,2	5,5
80,3	3,0
80,8	2,0
81,0	4,5
81,1	2,8
81,7	2,0
81,9	2,8
82,0	2,0
82,6	4,0
82,7	2,6
83,5	3,9
84,3	4,4
85,1	3,0
85,9	3,1
86,0	8,0
86,7	17,2
86,8	12,0
87,5	17,2
87,6	18,0
87,8	11,0
