Angle	Impulses
a/º	Z/#/0,2s

8,0	114,2
8,5	73,5
8,8	27,0
8,9	38,0
9,3	22,0
9,6	24,5
9,7	20,0
10,1	14,5
10,2	11,0
10,4	11,5
10,6	10,0
10,9	11,0
11,1	7,0
11,2	12,0
11,3	4,0
11,5	6,0
11,7	9,0
11,9	1,0
12,0	3,5
12,3	3,0
12,5	5,0
12,8	3,5
13,1	5,0
13,3	6,0
13,5	2,0
13,6	7,0
13,7	2,0
13,9	8,0
14,1	5,5
14,4	6,8
14,7	10,0
14,9	4,0
15,0	7,0
15,1	6,0
15,2	4,0
15,3	6,0
15,5	10,0
15,7	9,0
15,8	7,0
15,9	13,0
16,0	8,0
16,3	12,0
16,5	11,0
16,6	10,0
16,7	16,0
16,8	17,0
16,9	23,0
17,1	19,0
17,4	26,0
17,5	35,0
17,7	32,0
17,8	39,0
18,2	52,5
18,3	44,0
18,5	51,0
18,6	48,0
19,0	63,5
19,1	55,0
19,3	63,0
19,4	69,0
19,8	76,5
19,9	58,0
20,1	82,0
20,2	89,0
20,6	88,0
20,7	115,0
20,9	93,5
21,0	103,0
21,4	118,2
21,7	128,0
22,2	130,0
22,5	129,0
23,0	115,5
23,1	125,0
23,3	134,8
23,8	139,5
23,9	123,0
24,1	139,0
24,2	162,0
24,6	145,5
24,8	153,0
24,9	135,5
25,0	151,0
25,4	135,0
25,5	140,0
25,7	138,5
25,9	130,0
26,2	129,0
26,3	122,0
26,4	138,0
26,5	133,5
26,8	106,0
27,0	129,0
27,1	125,0
27,2	120,0
27,3	144,5
27,6	106,0
27,9	97,5
28,0	135,0
28,1	109,5
28,4	132,0
28,7	114,5
28,8	116,0
28,9	119,0
29,2	115,0
29,5	110,5
29,6	123,0
29,7	126,0
29,9	99,0
30,3	119,5
30,4	135,0
30,5	127,0
30,6	111,0
30,7	108,0
31,1	102,5
31,2	100,0
31,3	125,0
31,5	107,0
31,9	113,0
32,0	133,0
32,1	117,0
32,2	98,0
32,3	123,0
32,7	95,0
32,8	116,0
32,9	104,0
33,0	104,0
33,5	91,5
33,6	94,0
33,7	98,0
33,8	106,0
34,3	96,8
34,5	99,0
34,6	94,0
35,1	101,5
35,2	94,0
35,4	90,2
36,0	90,2
36,1	105,0
36,2	93,5
36,7	87,0
36,8	75,0
37,0	96,5
37,5	102,0
37,6	95,0
37,8	87,5
38,4	98,5
38,6	117,5
39,2	217,2
39,4	305,5
40,0	430,0
40,2	383,0
40,7	187,0
40,8	190,0
41,0	91,2
41,6	82,0
41,8	90,8
42,4	87,8
42,6	79,0
42,7	94,0
43,2	139,5
43,4	404,5
44,0	686,5
44,1	714,0
44,2	784,5
44,5	785,0
44,8	771,0
44,9	685,0
45,0	598,5
45,2	443,0
45,6	179,0
45,7	168,0
45,8	79,0
46,0	69,0
46,4	57,0
46,5	64,0
46,6	51,5
46,7	52,0
47,2	46,5
47,3	47,0
47,4	53,0
47,5	33,0
48,1	44,0
48,2	43,0
48,3	58,0
48,9	46,0
49,0	41,0
49,1	42,5
49,7	41,8
49,8	39,0
49,9	32,0
50,5	34,5
50,6	32,0
50,7	31,0
50,9	33,0
51,3	35,0
51,4	29,0
51,5	40,0
52,0	29,0
52,1	35,0
52,3	32,0
52,7	25,0
52,9	32,0
53,1	29,5
53,5	27,0
53,7	28,0
53,8	21,0
53,9	23,5
54,5	21,0
54,6	17,5
54,7	24,2
55,3	16,0
55,4	20,5
55,5	20,0
56,2	23,8
56,3	21,0
56,4	17,0
57,0	15,5
57,1	18,0
57,2	14,0
57,8	20,0
57,9	13,8
58,0	18,0
58,6	18,8
58,7	14,5
59,1	12,0
59,4	14,0
59,5	15,0
59,6	21,0
60,0	11,0
60,2	13,5
60,3	16,0
60,4	17,0
60,9	12,0
61,0	15,5
61,1	10,0
61,8	9,5
61,9	11,5
62,6	12,2
62,7	10,0
63,4	9,0
63,5	13,8
64,2	13,8
64,3	11,0
65,0	12,8
65,1	9,5
65,2	16,0
65,8	15,5
65,9	8,0
66,0	8,0
66,6	7,0
66,7	10,0
66,8	13,0
67,5	11,8
67,6	12,0
68,3	7,0
68,4	14,5
69,0	8,0
69,1	14,2
69,2	10,0
69,9	10,9
70,0	6,0
70,1	15,0
70,7	8,2
70,8	9,0
71,5	9,8
71,6	11,2
72,3	10,1
72,4	7,0
73,1	11,2
73,2	9,5
73,9	12,4
74,0	6,5
74,7	8,6
74,8	10,0
75,5	6,9
75,6	5,0
75,7	5,0
76,3	6,2
76,4	8,5
77,1	7,5
77,2	13,0
77,3	5,0
77,9	6,5
78,0	12,0
78,3	10,0
78,7	8,5
78,8	9,5
79,4	14,0
79,5	8,0
79,6	9,0
80,3	7,0
80,4	8,0
80,5	7,0
81,0	8,0
81,2	7,5
81,9	3,0
82,0	8,5
82,8	6,8
83,6	5,8
83,7	7,2
84,4	5,4
84,5	7,0
84,6	9,0
85,3	8,2
85,6	8,0
86,1	16,3
86,2	16,0
86,8	39,0
86,9	44,5
87,4	50,0
87,6	37,8
87,7	46,0
