Angle	Impulses
a/º	Z/#/0,2s

8,0	87,5
8,5	44,5
8,8	21,5
9,3	16,5
9,6	12,5
9,7	17,0
10,1	12,0
10,4	9,0
10,9	8,5
11,0	6,0
11,2	5,5
11,3	4,0
11,7	4,5
11,8	3,0
12,0	5,0
12,2	6,0
12,5	3,0
12,6	6,0
12,8	6,5
13,0	2,0
13,3	3,0
13,4	2,0
13,6	2,0
13,8	3,0
14,1	1,5
14,2	3,0
14,4	2,5
14,6	2,0
14,9	3,0
15,0	5,0
15,2	2,0
15,3	3,0
15,7	6,0
15,9	3,0
16,0	6,0
16,2	2,0
16,5	5,8
16,7	3,0
16,8	3,0
17,0	4,0
17,3	5,0
17,5	12,0
17,6	12,5
17,8	15,0
18,1	19,0
18,2	11,0
18,4	14,5
18,7	24,0
18,9	24,5
19,1	36,0
19,2	34,0
19,3	33,0
19,5	38,0
19,7	41,0
19,8	56,0
19,9	48,0
20,0	54,5
20,2	54,0
20,6	57,5
20,7	61,0
20,8	69,0
21,0	77,0
21,4	54,0
21,5	75,0
21,6	66,0
21,7	76,0
21,8	58,0
22,2	74,5
22,3	83,0
22,4	83,5
22,6	101,0
23,0	105,5
23,1	84,0
23,2	110,0
23,3	96,0
23,5	111,0
23,8	86,5
23,9	107,0
24,0	102,0
24,1	108,0
24,3	125,0
24,6	120,0
24,7	111,0
24,8	106,0
24,9	129,0
25,0	103,0
25,4	103,0
25,5	109,0
25,6	124,0
25,7	97,0
25,9	119,0
26,2	121,5
26,4	111,0
26,5	99,0
26,8	119,0
27,0	91,5
27,2	109,0
27,3	103,0
27,6	108,0
27,8	101,5
27,9	107,0
28,1	112,0
28,3	103,0
28,6	110,0
28,8	101,0
28,9	97,0
29,0	101,0
29,4	102,5
29,5	113,0
29,7	111,5
29,8	97,0
30,2	85,5
30,3	95,0
30,5	85,0
31,0	99,0
31,1	106,5
31,3	108,5
31,8	110,0
31,9	96,5
32,1	92,0
32,7	77,8
32,9	97,2
33,5	85,2
33,7	91,5
33,8	84,0
34,3	92,0
34,4	88,0
34,5	80,5
34,7	87,0
35,1	77,5
35,2	92,0
35,3	84,0
35,5	83,0
35,9	78,5
36,0	73,0
36,1	76,5
36,3	98,0
36,7	75,0
36,8	69,0
36,9	79,5
37,1	56,0
37,5	75,5
37,6	80,0
37,7	78,5
37,9	69,0
38,3	79,5
38,4	93,0
38,5	96,0
38,8	123,0
39,1	169,5
39,2	180,0
39,3	295,5
39,5	303,0
39,9	371,5
40,0	347,0
40,1	300,5
40,4	225,0
40,7	155,0
40,9	91,0
41,1	71,0
41,5	81,0
41,6	77,0
41,7	79,0
41,9	54,0
42,3	58,0
42,4	75,0
42,5	83,0
42,6	76,5
43,2	106,2
43,3	325,0
43,4	333,0
44,0	611,8
44,1	760,2
44,8	791,0
45,0	496,5
45,6	162,5
45,8	55,2
46,4	59,0
46,5	55,0
46,6	45,0
46,8	43,0
47,2	42,5
47,3	44,5
47,4	43,0
47,6	31,0
48,0	44,5
48,1	32,0
48,2	34,0
48,3	37,0
48,8	36,0
48,9	44,0
49,0	34,5
49,1	32,0
49,6	30,0
49,7	33,0
49,8	30,5
50,1	29,0
50,4	32,0
50,5	40,0
50,6	31,0
50,9	26,0
51,2	22,0
51,3	28,0
51,4	20,5
51,7	26,0
52,1	26,0
52,2	26,2
52,6	19,0
52,9	29,0
53,0	19,5
53,5	23,0
53,7	19,5
53,8	23,0
54,3	18,0
54,5	21,0
54,6	18,2
55,1	18,0
55,3	17,0
55,4	15,8
55,9	22,0
56,1	17,0
56,2	18,8
56,6	13,0
56,9	13,0
57,0	12,8
57,3	7,0
57,7	11,5
57,8	15,5
58,3	16,0
58,5	11,5
58,6	9,5
58,7	11,0
59,1	20,0
59,4	16,0
59,5	11,5
59,9	13,0
60,2	10,5
60,3	13,2
60,6	8,0
61,0	11,0
61,1	11,5
61,4	9,0
61,8	8,9
61,9	12,0
62,1	10,0
62,6	11,5
62,7	12,2
63,2	3,0
63,4	9,5
63,5	10,0
64,1	10,0
64,2	11,0
64,3	11,0
64,8	13,0
65,0	10,0
65,1	9,8
65,7	12,0
65,8	7,5
65,9	9,5
66,4	12,0
66,6	13,5
66,7	8,5
67,1	10,0
67,4	10,0
67,5	10,8
67,6	7,0
68,2	6,0
68,3	5,9
68,4	5,0
69,0	8,0
69,1	5,9
69,2	11,0
69,7	8,0
69,8	5,0
69,9	6,5
70,0	9,5
70,6	4,5
70,7	8,5
70,8	11,0
71,4	11,0
71,5	8,3
72,3	8,0
72,4	9,5
73,1	7,6
73,2	9,0
73,9	7,5
74,0	9,5
74,1	4,0
74,7	7,0
74,8	6,2
75,5	6,0
75,6	4,0
76,4	5,0
76,6	2,0
77,2	5,8
77,6	12,0
78,0	5,6
78,1	7,0
78,3	5,0
78,8	5,5
78,9	4,0
79,1	2,0
79,6	5,5
79,7	5,5
79,8	2,0
80,4	5,5
80,5	7,2
80,7	7,0
81,2	7,2
81,3	5,0
81,6	8,0
82,0	4,0
82,1	7,5
82,3	5,0
82,8	8,0
82,9	4,8
83,4	4,0
83,6	8,0
83,7	6,4
84,4	6,8
84,5	5,0
84,6	3,0
85,2	5,0
85,3	5,9
86,0	10,9
86,1	7,5
86,8	34,1
86,9	26,0
87,5	54,0
87,6	38,8
87,7	21,0
87,8	30,0
