Angle	Impulses
a/º	Z/#/0,2s

8,0	167,0
8,3	123,0
8,5	108,0
8,8	50,8
9,2	30,0
9,3	38,0
9,6	23,0
10,0	18,0
10,1	19,5
10,4	19,8
10,8	12,0
10,9	20,0
11,2	10,8
11,6	14,0
11,7	12,0
12,0	8,0
12,5	9,2
12,8	6,2
13,3	7,2
13,6	12,5
14,1	16,2
14,4	20,5
14,9	24,0
15,2	33,8
15,7	40,2
16,0	61,0
16,5	75,5
16,6	68,0
16,8	66,8
17,2	87,0
17,3	78,0
17,6	103,8
18,1	90,0
18,2	101,5
18,4	116,0
18,9	101,0
19,0	140,0
19,2	137,2
19,7	133,0
19,8	147,0
20,0	152,5
20,1	161,0
20,5	151,0
20,6	168,0
20,8	166,5
21,4	170,8
21,6	165,0
22,2	190,2
22,4	161,0
22,5	174,0
23,0	171,0
23,1	169,0
23,2	190,0
23,4	199,0
23,8	179,5
23,9	213,0
24,1	195,8
24,6	193,0
24,9	181,5
25,4	191,5
25,7	187,5
26,2	181,5
26,5	164,5
27,0	162,0
27,1	165,0
27,3	151,2
27,8	154,0
27,9	151,0
28,1	171,8
28,6	162,0
28,7	166,0
28,9	157,0
29,0	155,0
29,4	162,0
29,5	151,5
29,7	168,5
29,8	182,0
30,2	148,0
30,3	163,0
30,5	164,5
30,6	145,0
31,1	146,5
31,2	149,0
31,3	144,5
31,9	134,8
32,1	131,5
32,2	126,0
32,7	139,0
32,9	136,2
33,5	114,0
33,7	130,0
34,3	135,8
34,5	125,0
35,1	107,8
35,3	115,8
35,9	116,5
36,1	122,0
36,7	122,0
36,8	113,0
36,9	116,5
37,0	125,0
37,5	109,0
37,6	103,0
37,7	111,5
37,8	104,0
38,3	113,5
38,4	112,0
38,5	140,0
38,6	169,0
39,1	274,5
39,3	393,2
39,5	471,0
39,9	587,0
40,1	512,0
40,4	387,0
40,8	249,5
40,9	167,5
41,0	141,0
41,1	141,0
41,6	113,8
41,7	116,0
41,9	91,0
42,4	109,5
42,5	110,5
42,6	107,0
42,7	153,0
43,2	164,0
43,3	419,5
43,5	557,0
44,0	761,0
44,1	705,0
44,2	699,0
44,3	695,0
44,8	568,0
44,9	577,0
45,0	735,0
45,6	275,2
45,7	105,0
45,8	97,0
46,4	81,8
46,5	75,5
47,2	71,2
47,3	71,8
48,0	59,8
48,1	60,5
48,8	50,5
48,9	57,0
49,6	54,5
49,7	47,0
49,8	48,0
50,3	43,0
50,4	43,5
50,5	48,5
50,6	52,0
51,0	37,0
51,2	49,0
51,3	47,0
51,4	47,0
51,8	51,0
52,1	43,5
52,2	38,5
52,6	37,0
52,9	34,5
53,0	38,2
53,4	38,0
53,7	40,0
53,8	35,8
54,4	25,0
54,5	39,0
54,6	36,0
55,1	23,0
55,3	32,5
55,4	29,0
55,8	29,0
56,1	32,5
56,2	33,5
56,7	34,0
56,9	17,0
57,0	28,8
57,7	22,2
57,8	20,0
57,9	27,0
58,5	19,0
58,6	15,8
59,3	19,8
59,4	21,8
60,1	24,5
60,2	19,2
60,3	18,0
60,9	19,0
61,0	13,2
61,1	15,0
61,7	17,0
61,8	15,5
61,9	17,5
62,4	21,0
62,6	13,0
62,7	17,2
63,1	15,0
63,4	17,0
63,5	15,5
63,8	20,0
64,2	18,5
64,3	13,5
64,7	22,0
65,0	16,0
65,1	14,2
65,6	12,0
65,8	13,5
65,9	13,2
66,3	9,0
66,6	9,0
66,7	16,0
67,1	8,0
67,4	19,0
67,5	14,0
67,6	17,0
68,2	14,0
68,3	12,2
68,4	15,0
69,0	12,0
69,1	12,0
69,2	17,0
69,8	11,5
69,9	11,5
70,0	14,0
70,6	8,0
70,7	14,2
70,8	10,0
71,5	12,2
71,6	12,0
72,2	11,0
72,3	15,2
72,4	15,0
73,1	12,2
73,2	12,0
73,9	10,9
74,7	9,4
74,8	12,5
75,5	12,8
75,6	12,0
76,3	10,5
76,4	12,8
76,5	9,0
77,0	18,0
77,1	11,0
77,2	8,8
77,3	9,0
77,7	14,0
78,0	9,9
78,1	13,0
78,4	9,0
78,8	9,8
78,9	4,0
79,3	11,0
79,6	11,2
79,7	14,0
80,1	12,0
80,4	8,9
80,5	9,0
80,8	15,0
81,1	14,0
81,2	8,2
81,3	14,0
81,6	9,0
82,0	7,5
82,1	5,0
82,3	10,0
82,8	8,8
83,0	12,0
83,6	7,9
83,8	9,0
84,4	10,1
84,8	5,0
85,2	8,8
85,3	9,0
85,6	18,0
86,0	20,5
86,1	24,0
86,3	34,0
86,8	55,8
86,9	47,5
87,2	85,0
87,6	73,0
87,7	68,0
87,9	58,0
