Angle	Impulses
a/º	Z/#/0,2s

8,0	136,0
8,3	107,0
8,5	80,5
8,7	53,0
8,8	51,5
9,1	38,0
9,3	32,5
9,5	26,0
9,6	18,5
9,9	20,0
10,1	17,0
10,3	16,0
10,4	16,5
10,6	16,0
10,9	10,5
11,1	10,0
11,2	9,0
11,5	7,0
11,7	6,0
11,9	7,0
12,0	7,5
12,3	9,0
12,5	8,5
12,8	7,5
13,1	10,0
13,3	5,5
13,5	7,0
13,6	7,5
13,9	5,0
14,1	9,0
14,3	9,0
14,4	11,5
14,6	19,0
14,9	14,0
15,1	11,0
15,2	17,5
15,4	27,0
15,7	29,0
15,8	25,0
16,0	39,0
16,1	33,5
16,5	49,0
16,6	54,0
16,8	60,0
16,9	42,0
17,3	53,0
17,4	51,0
17,5	54,0
17,6	58,5
17,8	84,0
18,2	86,8
18,4	107,0
18,5	77,0
18,6	82,0
19,0	106,5
19,1	102,0
19,2	107,0
19,3	107,0
19,4	97,0
19,8	110,5
19,9	113,0
20,0	122,0
20,1	113,0
20,6	141,0
20,7	131,0
20,9	142,8
21,4	147,5
21,7	144,2
22,2	156,2
22,4	150,5
22,5	152,0
23,0	157,0
23,3	159,0
23,8	150,8
24,0	169,5
24,1	148,0
24,6	181,0
24,7	126,0
24,9	167,2
25,4	166,0
25,5	196,0
25,7	152,8
26,2	155,0
26,5	145,5
27,0	148,0
27,1	148,5
27,3	146,0
27,8	134,0
27,9	149,5
28,1	135,8
28,6	140,0
28,7	143,0
28,9	128,5
29,4	130,0
29,5	144,5
29,7	146,5
30,3	137,8
30,5	135,0
31,1	129,5
31,3	128,8
31,9	124,5
32,1	130,5
32,2	117,0
32,7	116,0
32,9	113,0
33,0	112,0
33,5	128,5
33,7	118,0
33,8	109,0
34,3	115,0
34,4	125,0
34,5	106,5
34,7	111,0
35,1	93,5
35,2	131,0
35,3	111,0
35,5	104,0
35,9	113,5
36,0	109,0
36,1	106,0
36,2	99,0
36,7	117,0
36,8	103,0
36,9	99,5
37,1	99,0
37,5	115,5
37,6	90,0
37,7	86,0
37,9	130,0
38,3	94,0
38,4	111,5
38,5	126,0
38,6	134,0
38,7	159,0
39,1	245,0
39,2	259,0
39,3	379,0
39,4	374,0
40,0	552,5
40,1	440,5
40,2	411,0
40,8	223,2
40,9	116,8
41,6	98,8
41,7	98,0
42,4	88,8
42,5	95,0
43,2	155,8
43,3	464,0
43,4	447,0
44,0	761,2
44,1	767,0
44,2	775,0
44,8	691,8
45,0	705,5
45,6	227,8
45,7	89,0
45,8	90,0
45,9	74,0
46,4	74,5
46,5	70,0
46,6	57,0
46,7	61,0
47,2	51,5
47,3	61,0
47,4	54,0
47,5	60,0
48,0	50,0
48,1	44,0
48,2	60,5
48,3	46,0
48,8	45,0
48,9	45,5
49,0	45,5
49,7	49,5
49,8	48,5
49,9	50,0
50,5	47,5
50,6	42,2
50,9	43,0
51,3	39,5
51,4	40,5
51,9	41,0
52,1	34,0
52,2	32,8
52,7	38,0
52,9	33,5
53,0	38,5
53,7	32,2
53,8	32,5
54,5	27,8
54,6	24,0
55,3	31,5
55,4	28,0
55,6	27,0
56,1	21,5
56,2	21,8
56,4	23,0
56,9	19,5
57,0	21,8
57,2	26,0
57,7	31,0
57,8	25,5
57,9	22,5
58,5	19,5
58,6	21,2
58,7	19,0
59,3	17,2
59,5	17,0
60,1	16,5
60,2	18,2
60,3	16,0
61,0	16,5
61,1	16,0
61,8	17,0
61,9	14,0
62,0	11,0
62,6	19,0
62,7	14,5
63,4	14,5
63,5	13,8
63,9	15,0
64,2	20,5
64,3	14,5
64,7	15,0
65,0	14,5
65,1	18,5
65,4	15,0
65,8	12,5
65,9	9,5
66,0	10,0
66,3	10,0
66,7	12,5
66,8	7,0
67,0	17,0
67,5	10,8
67,6	10,5
68,0	9,0
68,3	11,0
68,4	10,5
68,8	10,0
69,1	8,5
69,2	12,8
69,5	13,0
69,9	12,8
70,0	14,5
70,3	9,0
70,7	10,5
70,8	11,2
71,0	10,0
71,5	11,0
71,6	10,8
72,1	8,0
72,3	6,5
72,4	9,8
72,8	9,0
73,1	14,0
73,2	8,8
73,5	11,0
73,9	11,0
74,0	11,5
74,2	11,0
74,7	13,0
74,8	10,0
74,9	11,0
75,5	12,8
75,6	13,5
75,7	7,0
76,3	9,5
76,4	9,0
76,6	8,0
77,2	6,7
77,3	10,0
78,0	8,9
78,1	8,0
78,3	6,0
78,8	8,5
78,9	4,0
79,2	11,0
79,6	12,6
79,7	13,0
80,1	5,0
80,4	6,2
80,5	19,0
81,1	13,0
81,2	10,5
81,3	7,8
81,9	6,0
82,0	10,0
82,1	8,2
82,8	5,0
82,9	6,6
83,0	8,0
83,6	9,4
83,7	7,5
84,4	7,5
84,5	8,5
85,2	7,2
85,3	8,8
86,0	17,9
86,1	11,0
86,8	51,4
86,9	37,0
87,6	40,1
87,7	80,0
