Angle	Impulses
a/º	Z/#/0,2s

8,0	169,0
8,1	192,5
8,2	143,5
8,5	106,5
8,6	83,8
8,9	55,2
9,0	43,2
9,3	26,5
9,4	27,8
9,6	28,0
9,7	24,0
9,8	22,0
10,1	21,2
10,2	16,5
10,4	16,0
10,5	12,0
10,6	8,5
10,8	13,0
10,9	6,5
11,0	6,2
11,2	7,0
11,3	6,5
11,4	5,0
11,6	5,0
11,7	4,0
11,8	6,5
12,0	6,0
12,1	2,5
12,2	3,8
12,4	4,0
12,5	4,0
12,6	3,0
12,8	2,0
12,9	3,0
13,0	1,5
13,1	2,0
13,3	4,0
13,4	3,0
13,5	5,0
13,7	2,0
13,8	4,0
13,9	3,0
14,1	3,8
14,2	2,8
14,5	3,8
14,6	5,0
14,9	1,8
15,0	2,0
15,3	2,8
15,4	1,5
15,7	2,8
15,8	3,0
16,1	4,5
16,2	3,8
16,5	2,0
16,6	4,0
16,9	3,8
17,0	2,5
17,3	3,5
17,4	2,8
17,7	4,0
17,8	2,8
18,1	2,8
18,2	2,8
18,5	2,0
18,6	3,8
18,9	2,0
19,0	3,6
19,3	3,2
19,4	3,0
19,7	3,0
19,8	1,2
20,1	2,2
20,2	3,5
20,3	2,0
20,5	2,0
20,6	4,0
20,9	3,5
21,0	3,8
21,3	4,0
21,4	3,5
21,7	3,5
21,8	1,8
22,1	2,0
22,2	1,9
22,5	4,0
22,6	2,2
22,9	4,0
23,0	2,5
23,3	2,0
23,4	3,5
23,7	6,0
23,8	2,2
24,1	3,0
24,2	3,8
24,5	4,0
24,6	2,0
24,9	3,0
25,0	2,8
25,1	2,0
25,4	3,2
25,5	2,0
25,8	3,5
26,2	2,0
26,3	2,5
26,6	3,5
26,7	2,0
27,0	3,5
27,1	2,0
27,4	3,7
27,5	4,0
27,8	4,0
27,9	4,0
28,1	3,0
28,2	4,0
28,3	3,0
28,5	4,0
28,6	3,5
28,7	5,8
29,0	4,0
29,1	3,2
29,4	2,2
29,5	3,5
29,8	3,6
29,9	2,0
30,2	4,0
30,3	2,3
30,5	4,0
30,6	1,5
30,7	3,5
30,9	2,0
31,1	4,5
31,3	3,0
31,5	1,8
31,7	6,0
31,9	5,0
32,2	2,0
32,3	5,0
32,6	6,0
32,7	3,1
33,0	3,5
33,1	4,0
33,4	2,0
33,5	4,1
33,7	4,0
33,9	4,2
34,1	6,0
34,2	7,0
34,3	4,8
34,5	8,0
34,7	4,2
35,0	5,0
35,1	3,5
35,4	6,0
35,5	4,8
35,8	3,0
35,9	3,7
36,1	5,0
36,3	5,8
36,5	7,0
36,7	5,8
36,9	5,0
37,1	6,2
37,3	5,0
37,5	3,0
37,8	8,0
37,9	6,0
38,2	8,0
38,3	4,5
38,5	4,0
38,7	7,2
38,9	8,0
39,1	8,4
39,2	9,0
39,5	10,1
39,6	7,0
39,7	8,0
39,9	13,4
40,2	7,0
40,3	10,9
40,6	10,0
40,7	10,2
40,8	13,0
41,1	17,6
41,2	16,0
41,5	31,6
41,9	61,6
42,3	87,8
42,6	93,0
42,7	123,4
43,1	264,8
43,5	696,8
43,9	771,3
44,0	801,0
44,3	541,6
44,4	595,0
44,7	775,8
44,8	703,2
45,1	379,2
45,2	443,8
45,5	70,5
45,6	83,5
45,9	22,5
46,0	18,0
46,3	14,2
46,4	8,2
46,7	10,5
46,8	10,5
47,1	9,0
47,4	9,0
47,5	6,2
47,6	8,0
47,8	10,0
47,9	7,4
48,0	4,0
48,3	7,4
48,4	7,0
48,7	5,8
48,8	6,5
49,1	4,2
49,2	7,0
49,5	4,5
49,6	8,6
49,9	7,5
50,0	3,8
50,1	5,0
50,4	6,9
50,8	6,2
51,0	4,0
51,1	4,0
51,2	4,5
51,4	4,0
51,6	3,9
51,7	6,0
51,9	5,0
52,0	5,0
52,2	5,0
52,3	6,0
52,4	4,0
52,7	4,5
52,8	4,8
53,1	3,0
53,2	4,4
53,6	4,9
53,9	5,0
54,0	6,1
54,3	7,0
54,4	5,8
54,8	6,5
55,1	6,5
55,2	5,2
55,5	3,5
55,6	8,0
55,7	3,0
55,9	4,0
56,0	3,2
56,1	6,0
56,3	7,0
56,4	7,8
56,5	3,0
56,7	3,0
56,8	7,0
56,9	3,0
57,2	4,0
57,3	5,5
57,5	7,0
57,6	6,0
57,7	4,5
57,8	3,0
58,0	4,0
58,1	5,5
58,3	6,0
58,4	2,8
58,5	5,5
58,8	5,0
58,9	6,0
59,2	5,0
59,3	7,0
59,5	8,0
59,6	5,5
59,7	5,2
59,9	9,0
60,0	5,0
60,1	5,0
60,2	4,0
60,4	4,0
60,5	5,8
60,8	3,5
60,9	3,0
61,2	6,0
61,3	4,5
61,6	5,8
61,7	5,0
62,0	7,2
62,1	4,8
62,4	4,2
62,5	4,2
62,8	5,2
62,9	4,5
63,2	6,0
63,3	5,2
63,6	8,2
63,7	5,2
64,0	7,5
64,1	8,5
64,2	8,0
64,4	7,8
64,5	4,5
64,6	4,0
64,8	6,0
64,9	6,5
65,0	5,5
65,2	3,5
65,3	9,0
65,4	6,0
65,6	4,0
65,7	3,5
65,8	5,0
66,0	6,5
66,1	4,0
66,2	6,2
66,4	4,0
66,5	3,0
66,6	5,0
66,8	3,0
66,9	4,5
67,0	5,0
67,2	5,5
67,3	2,0
67,4	6,0
67,6	7,0
67,7	4,8
67,8	5,5
67,9	4,0
68,0	6,0
68,1	1,0
68,2	5,5
68,4	8,0
68,5	7,5
68,6	5,5
68,8	4,0
68,9	5,2
69,0	1,0
69,2	5,0
69,3	5,8
69,4	4,0
69,6	7,0
69,7	8,5
69,8	4,2
70,0	6,0
70,1	4,2
70,2	5,5
70,4	4,0
70,5	5,5
70,6	3,5
70,9	6,2
71,0	4,2
71,2	5,0
71,3	6,0
71,4	3,0
71,7	4,0
71,8	4,2
72,1	4,2
72,2	3,0
72,5	3,5
72,6	5,2
72,9	5,0
73,0	2,0
73,1	3,5
73,3	4,8
73,5	4,8
73,7	6,0
73,8	2,0
73,9	4,5
74,1	5,0
74,2	3,0
74,3	4,5
74,5	5,0
74,6	5,5
74,7	3,0
74,9	4,0
75,0	7,0
75,1	3,5
75,3	4,2
75,4	2,0
75,5	3,5
75,7	3,4
75,8	5,0
75,9	6,0
76,1	4,2
76,2	2,0
76,3	4,0
76,5	5,8
76,6	6,0
76,7	3,5
76,8	7,0
76,9	4,0
77,0	11,0
77,1	7,2
77,3	8,0
77,4	6,0
77,5	7,8
77,7	5,5
77,9	4,1
78,1	4,5
78,2	4,0
78,3	7,5
78,5	6,0
78,6	8,0
78,7	8,0
78,9	5,8
79,0	6,0
79,1	6,0
79,3	5,8
79,4	9,0
79,5	5,0
79,7	5,2
79,8	5,0
79,9	5,5
80,1	3,9
80,3	5,5
80,5	4,0
80,7	3,5
80,9	5,2
81,1	6,8
81,3	5,5
81,4	8,0
81,5	5,0
81,7	8,0
81,9	8,2
82,1	6,5
82,3	6,0
82,5	6,0
82,6	4,0
82,7	5,2
82,9	9,0
83,0	5,0
83,1	8,0
83,2	7,0
83,3	4,0
83,5	5,8
83,6	3,0
83,7	4,5
83,9	5,0
84,0	6,0
84,1	5,0
84,2	5,0
84,3	4,5
84,5	5,0
84,6	5,0
84,7	4,5
84,9	4,0
85,0	6,0
85,1	7,0
85,2	6,0
85,3	4,0
85,4	3,0
85,5	4,0
85,6	6,0
85,7	5,2
85,9	5,0
86,0	6,0
86,2	4,0
86,3	3,0
86,4	3,5
86,5	5,0
86,6	4,0
86,7	5,0
86,8	4,0
87,0	4,2
87,1	4,0
87,2	3,0
87,4	5,2
87,5	1,0
87,6	3,5
87,8	7,0
88,0	5,0
